rho = 1
rhop = 1e+06
mu = 1.8e-05
p0 = 0
U0 = 0.493242
Rep = 0.1
Stk = 0.5
Dp = 3.64932e-06
Re = 1111.11
t0 = 0.0411036
