rho = 1
rhop = 1000
mu = 1.8e-05
mup = 0.1
p0 = 100000
U0 = 1
Rep = 0.5
Stk = 10
Dp = 5e-05
D = 0.000771605
Re = 42.8669
t0 = 0.00771605
