rho = 1
rhop = 1000
mu = 1.8e-05
mup = 0.1
p0 = 100000
U0 = 1
Rep = 0.5
Stk = 0.5
Dp = 5e-05
D = 0.0154321
Re = 857.339
t0 = 0.00771605
